# TexasWater.txt
#
# Data from www.stat.psu.edu/~jglenn/stat505/18_cluster/18_cluster_hwk.html
#
# Ground water samples were collected from n = 127 sites in Texas.
#   The following variables were measured:
#
# site: a site identifier
# coord1: a site coordinate
# coord2: a site coordinate
# uranium:
# arsenic:
# boron:
# barium:
# moybdenum:
# selenium:
# vanadium:
# sulfate: SO4
# ttl.alk:
# bicarbonate:
# conductivity:
# pH:
#
site	coord1	coord2	uranium	arsenic	boron	barium	molybdenum	selenium	vanadium	sulfate	ttl.alk	bicarb	cond	pH
2201	33.21	101.445	7.99	17.6	300	150	4	0.4	100	35	278	157	640	7.6
2203	33.213	101.494	13.74	10.4	660	99	7	0.3	66	90	299	175	980	7.7
2205	33.148	100.537	4.85	13.5	883	13	5	0.2	26	2575	42	22	6200	7.4
2210	33.164	100.608	3.1	4	625	750	4	0.2	25	30	175	101	540	7.65
2211	33.208	101.574	78	19.9	3125	100	150	0.2	500	1100	324	174	2700	7.1
2213	33.164	101.69	9.74	16	528	40	7	1.5	66	200	280	175	980	8.2
2215	33.168	101.747	6.9	12	600	200	40	0.4	100	435	300	166	1700	7.4
2217	33.17	101.506	21.73	12.2	5000	50	150	0.4	500	795	340	188	2200	7.5
2219	33.171	101.571	26.79	11.4	2000	40	80	0.2	150	1080	278	148	2600	7.2
2221	33.169	101.616	56.2	12.7	800	100	10	0.2	100	450	300	166	1700	7.35
2224	33.165	101.867	25.3	3	2000	50	25	0.2	50	1950	200	109	4500	7.2
2226	33.166	102.051	4.42	10.3	300	200	4	0.4	10	40	316	182	670	7.6
2228	33.169	101.986	29.75	21.4	564	49	7	0.2	111	975	280	170	2000	7.4
2230	33.253	101.501	22.32	19.4	1155	66	40	0.2	396	490	304	171	1300	7.4
2232	33.305	101.502	9.48	9	300	50	5	0.5	100	190	240	138	1700	7.3
2235	33.31	101.553	13.46	6.5	990	132	26	1.9	132	95	241	143	1400	7.8
2237	33.314	101.627	29.56	10.1	1500	200	60	0.2	200	350	300	151	1800	7.2
2239	33.312	101.688	13.39	8.7	660	40	13	0.2	99	270	308	167	1600	7.3
2241	33.308	101.757	20.96	9.7	2000	60	20	0.2	150	440	292	162	1400	7.4
2243	33.314	101.809	26.67	6.4	990	99	7	0.2	66	1220	292	153	2700	7.2
2245	33.314	101.926	52.47	9.7	2000	50	75	0.4	100	250	454	256	1500	7.6
2248	33.311	101.869	6.49	63	1500	150	200	2.2	600	100	332	198	1000	7.75
2250	33.312	101.978	15.78	15.5	1500	75	20	7.9	200	115	400	217	1100	7.3
2253	33.271	101.805	21.19	10.7	2000	100	200	0.7	200	435	312	178	1700	7.3
2255	33.167	101.45	13.16	18.2	559	33	9	0.5	72	115	300	179	1100	7.7
2256	33.152	101.798	12.33	7.5	744	372	12	5.1	124	325	199	108	1600	7.2
2258	33.068	101.859	5.73	6.1	500	100	5	0.4	75	60	310	176	800	7.5
2260	33.123	101.877	11.07	6.7	1000	150	10	0.2	200	315	262	143	1500	7.3
2262	33.171	101.932	16.08	6.4	660	13	7	0.2	66	720	282	162	2600	7.5
2264	33.168	101.921	0.2	0.8	4980	4	33	0.2	4	1340	314	172	5600	7.7
2267	33.282	101.912	0.2	73.5	2000	150	60	0.2	500	85	320	190	1100	8
2270	33.263	102.001	8.62	12	1250	75	50	2.8	250	155	345	190	1200	7.5
2272	33.123	101.915	11.43	28	1155	53	66	1.1	264	780	446	237	2000	7
2273	33.118	102.002	17.96	12.6	1750	60	40	0.6	200	1040	266	139	2400	7.1
2275	33.215	101.98	15.52	9.4	1500	50	100	0.8	200	120	420	219	1200	7.2
2276	33.228	101.805	21.49	6.2	837	36	7	0.8	45	1220	292	142	3200	7.05
2278	33.281	101.854	9.46	15.3	1155	66	66	6.4	132	440	328	190	1800	7.5
2281	33.217	100.588	2.05	7.3	15000	4	4	0.2	4	3525	36	21	6700	7.6
2282	33.211	101.738	10.36	10.7	1750	20	20	6	200	1500	260	146	2200	7.3
2283	33.226	101.677	5.33	15.9	750	100	10	0.6	200	310	337	193	1400	7.2
2285	33.271	101.663	11.16	5.8	575	40	4	1.7	34	780	220	122	1800	7.3
2287	33.272	101.622	0.87	1	7500	50	250	0.6	4	525	350	215	2200	8.1
2289	33.258	101.559	7.8	8.6	660	132	13	1.9	132	60	270	142	1100	7.3
2321	33.443	101.339	6.69	1.3	281	112	4	12.1	5	210	195	106	1800	7.2
2323	33.407	101.288	21.86	13.7	3000	200	80	0.5	200	60	730	438	1500	8.1
2325	33.416	101.261	20.28	2.8	1000	60	20	0.2	40	780	300	168	3500	7.4
2330	33.443	101.203	13.68	2.4	642	23	43	0.3	4	140	412	230	1200	7.6
2332	33.411	101.145	2.91	1.4	2170	74	4	1.7	124	630	276	126	2900	7
2333	33.426	101.005	125.2	2.9	600	40	200	0.4	20	880	404	199	2300	7
2345	33.436	101.355	58.27	13.1	7500	200	300	0.2	500	860	480	262	5600	7.3
2353	33.291	101.44	83.44	15.3	2617	7	53	0.2	88	2000	394	209	5500	7.3
2359	33.774	101.256	8.9	9.2	204	102	4	0.2	136	45	298	159	610	7.1
2361	33.797	101.244	11.98	11.7	340	68	7	2.8	102	35	326	175	720	7.4
2365	33.68	101.172	6.72	4.5	340	136	10	0.2	68	35	276	152	610	7.3
2379	33.625	100.815	9.86	0.5	164	58	4	0.2	5	170	232	129	1100	7.2
2383	33.641	100.765	15.12	1	996	4	16	0.2	32	1250	166	105	2500	7.8
2384	33.682	100.763	70.39	0.5	830	4	4	0.2	32	2250	300	181	5200	7.7
2385	33.656	100.764	21.27	0.5	4000	4	50	0.2	50	2125	204	113	4300	7.2
2386	33.475	100.972	58.2	2	119	166	4	0.2	166	30	310	190	620	8.1
2390	33.347	100.935	25.04	0.5	756	13	25	0.2	12	2100	228	121	3600	7.3
2393	33.357	100.903	5.54	1.2	169	8	4	0.2	18	1800	234	119	2200	7.1
2395	33.314	100.926	14.04	0.8	2000	4	50	0.2	150	1325	124	81	2800	8
2401	33.675	100.718	6.02	1	1250	750	25	0.3	50	380	354	196	1200	7.2
2406	33.619	100.706	11.98	0.5	399	10	7	0.2	11	2300	140	82	3200	8.5
2409	33.621	100.903	15.3	0.5	756	180	12	0.3	25	145	402	211	1100	7.1
2411	33.598	100.976	6.98	0.5	145	74	4	0.3	9	90	286	159	840	7.4
2413	33.477	101.195	13.63	1	2490	560	32	0.2	16	165	410	240	1200	8.2
2415	33.324	101.112	16.35	0.9	830	160	16	0.2	4	1040	325	202	2200	8.2
2417	33.256	101.039	19.85	0.5	5000	4	100	0.3	4	2325	76	47	9000	8.1
2421	33.256	101.075	19.41	1.5	498	16	16	1	32	470	286	165	6400	7.7
2425	33.315	101.022	6.63	0.7	996	4	17	0.2	100	1775	92	54	3300	8.2
2432	33.578	101.047	2.32	0.6	2000	40	40	0.2	4	125	324	189	1000	8.7
2433	33.612	101.1	1.94	0.5	1660	4	33	0.2	4	260	268	155	4800	7.9
2434	33.636	101.1	6	2.4	300	150	20	0.2	100	45	230	130	520	7.9
2437	33.637	101.115	1.52	4.4	68	510	4	0.2	20	40	260	143	420	7.8
2444	33.6	101.1	4.12	2.2	136	170	7	0.3	102	55	242	136	490	7.5
2447	33.59	100.829	33.98	0.7	1000	10	20	0.2	40	840	260	141	2700	7.3
2449	33.571	100.878	17.64	1.3	300	20	10	10.3	10	495	352	168	2300	7
2450	33.564	101.009	18.63	2.9	300	100	20	0.7	30	60	264	157	780	7.6
2451	33.596	100.995	8.02	0.5	204	68	7	0.5	14	65	260	154	700	7.9
2453	33.604	101.033	7.91	0.5	1000	200	60	0.8	10	50	278	147	580	8.8
2459	33.532	100.939	56.86	1.4	1000	60	60	0.2	60	465	400	220	2200	7.7
2470	33.393	100.786	53.74	0.7	250	4	4	0.2	25	2425	406	196	3900	7
2473	33.267	100.753	8.25	3.6	500	10	4	0.2	60	1950	142	73	2500	7.1
2479	33.519	100.774	33.46	0.5	562	6	4	0.2	21	1845	278	138	3100	7.2
2480	33.475	100.715	38.2	0.9	1860	4	12	0.2	50	3210	240	133	5600	7.2
2485	33.4	100.706	2.82	2.5	520	39	4	0.2	10	795	104	62	1400	7.5
2489	33.268	100.675	4.16	1.3	496	4	4	0.2	25	2055	90	53	2700	7.9
2497	33.544	100.584	18.66	1.8	566	7	4	0.2	11	2235	98	56	2800	8.1
3406	33.302	100.542	12.72	0.5	719	13	12	0.2	29	1605	170	101	2700	7.5
3407	33.239	100.319	3.82	0.5	1328	4	4	0.2	17	990	186	113	3900	7.7
3408	33.233	100.566	8.75	0.5	1240	4	4	0.2	4	1900	40	24	3100	7.7
3410	33.226	100.532	2.29	0.5	1660	4	4	0.2	4	1850	92	46	2800	7.1
3412	33.241	100.508	7.22	1.3	2500	4	4	0.2	50	2200	80	47	2800	7.5
3416	33.259	100.443	9.76	0.5	5000	4	4	0.2	4	2350	46	22	13000	7.2
3421	33.291	100.431	7.72	3.5	1241	9	11	0.2	24	2350	74	43	5300	7.2
3436	33.358	100.475	27.38	5.8	7500	4	100	0.4	200	2100	65	35	5000	8.4
3437	33.322	100.435	5.14	3.3	664	17	17	0.2	166	1900	214	111	2800	7
3453	33.319	100.326	7.92	1.7	1000	40	4	0.2	60	500	226	125	2200	7.4
3455	33.358	100.317	11.12	2.9	1500	20	10	0.2	40	580	234	144	1700	7.9
3459	33.428	100.36	24.72	1.4	2500	4	25	0.2	50	2600	146	76	4100	7.3
3462	33.355	100.342	9.44	0.5	1000	10	10	0.2	20	900	226	121	2000	7.2
3465	33.424	100.401	47.78	4.6	7500	4	4	0.2	25	3600	252	139	4500	7.4
3480	33.416	100.436	35.3	5.4	2346	15	19	7.4	50	3900	82	48	5200	8.5
3482	33.404	100.424	18.06	3	1000	4	10	0.2	80	3000	82	48	2900	7.8
3493	33.486	100.459	35.92	3.1	1860	4	12	0.2	50	1900	136	76	2900	7.7
3495	33.282	100.318	3.2	0.5	500	40	4	0.2	5	225	302	174	1400	7.3
3497	33.274	100.264	1.22	0.5	830	133	4	1.7	33	275	280	159	1200	7.2
3498	33.311	100.253	7.15	0.5	600	20	4	0.2	10	1150	340	169	3000	7
3500	33.34	100.268	9.99	1.3	578	13	8	0.2	15	2550	141	81	3000	7.5
3504	33.347	100.283	6.08	0.5	1500	20	4	0.2	10	1050	260	134	3000	7.1
3506	33.319	100.353	10.5	2.6	100	4	4	0.2	4	2500	200	109	3000	7.6
3508	33.283	100.367	21.36	1.4	500	60	4	0.2	10	620	248	147	1500	7.8
3511	33.218	100.268	20.46	0.5	1100	6	7	0.2	9	2900	284	148	5000	7
3515	33.171	100.365	4.97	2.3	6250	50	100	0.2	50	2700	44	24	5000	8.2
3518	33.213	100.389	0.74	1	248	99	4	0.2	25	310	212	103	1500	7.1
3520	33.21	100.482	5.96	5.4	400	75	5	0.2	50	460	160	94	1000	7.4
3521	33.178	100.444	5.04	0.8	10	4	4	0.2	4	2000	186	96	2000	7.2
3522	33.141	100.392	14.98	0.5	620	4	4	0.2	25	3000	260	117	3800	6.7
3526	33.538	100.442	6.09	1.6	830	4	4	0.2	66	1850	210	110	2600	7.1
3528	33.536	100.425	11.05	2.1	664	100	4	0.2	66	2500	156	87	2500	7.3
3529	33.49	100.437	5.31	1.8	4980	4	66	0.2	17	2850	46	29	3400	7.7
3543	33.561	100.416	13.36	0.5	164	7	27	0.2	59	2050	176	104	3200	7.5
3545	33.495	100.479	22.27	1.4	1500	4	4	0.2	50	2650	96	52	2700	7.4
3551	33.529	100.384	28.31	3.4	996	4	17	0.2	33	3600	120	68	6500	7.3
3557	33.51	100.412	21.95	0.5	2170	4	25	0.2	25	2750	48	29	3000	7.8
3561	33.531	100.351	20.87	0.5	4000	4	4	0.2	4	4000	352	182	14000	7.1
